 1.000  0.731  0.940  0.531  0.588 -0.745 -0.562  0.475  0.583  0.580 -0.583  0.586 -0.493 -0.561  
 0.731  1.000  0.919 -0.191 -0.111 -0.639  0.133 -0.253 -0.126 -0.132  0.098 -0.087  0.226  0.149 
 0.940  0.919  1.000  0.211  0.284 -0.748 -0.258  0.148  0.274  0.269 -0.288  0.295 -0.172 -0.250 
 0.531 -0.191  0.211  1.000  0.984 -0.278 -0.973  0.997  0.994  0.997 -0.959  0.951 -0.989 -0.991 
 0.588 -0.111  0.284  0.984  1.000 -0.314 -0.963  0.977  0.997  0.986 -0.952  0.990 -0.969 -0.976 
-0.745 -0.639 -0.748 -0.278 -0.314  1.000  0.295 -0.231 -0.316 -0.318  0.309 -0.304  0.254  0.311 
-0.562  0.133 -0.258 -0.973 -0.963  0.295  1.000 -0.960 -0.965 -0.981  0.997 -0.934  0.931  0.941 
 0.475 -0.253  0.148  0.997  0.977 -0.231 -0.960  1.000  0.987  0.989 -0.941  0.943 -0.992 -0.988 
 0.583 -0.126  0.274  0.994  0.997 -0.316 -0.965  0.987  1.000  0.994 -0.953  0.976 -0.984 -0.990 
 0.580 -0.132  0.269  0.997  0.986 -0.318 -0.981  0.989  0.994  1.000 -0.971  0.953 -0.981 -0.989 
-0.583  0.098 -0.288 -0.959 -0.952  0.309  0.997 -0.941 -0.953 -0.971  1.000 -0.924  0.912  0.926 
 0.586 -0.087  0.295  0.951  0.990 -0.304 -0.934  0.943  0.976  0.953 -0.924  1.000 -0.933 -0.940 
-0.493  0.226 -0.172 -0.989 -0.969  0.254  0.931 -0.992 -0.984 -0.981  0.912 -0.933  1.000  0.997 
-0.561  0.149 -0.250 -0.991 -0.976  0.311  0.941 -0.988 -0.990 -0.989  0.926 -0.940  0.997  1.000 

