ch0 cold 0 134.0 0.00000 1.00000 0.00000  1
ch0 cold 0 135.0 0.00000 1.00000 0.00000  3
ch0 cold 0 136.0 0.00000 1.00000 0.00000  5
ch0 cold 0 137.0 0.00000 0.88889 0.11111  9
ch0 cold 0 138.0 0.00000 0.85714 0.14286  14
ch0 cold 0 139.0 0.00000 0.85000 0.15000  20
ch0 cold 0 140.0 0.00000 0.84000 0.16000  25
ch0 cold 0 141.0 0.00000 0.87879 0.12121  33
ch0 cold 0 142.0 0.00000 0.90000 0.10000  40
ch0 cold 0 143.0 0.00000 0.92157 0.07843  51
ch0 cold 0 144.0 0.00000 0.90323 0.09677  62
ch0 cold 0 145.0 0.00000 0.90141 0.09859  71
ch0 cold 0 146.0 0.00000 0.91860 0.08140  86
ch0 cold 0 147.0 0.00000 0.93396 0.06604  106
ch0 cold 0 148.0 0.00000 0.94776 0.05224  134
ch0 cold 0 149.0 0.00000 0.95833 0.04167  168
ch0 cold 0 150.0 0.00000 0.96279 0.03721  215
ch0 cold 0 151.0 0.00000 0.97403 0.02597  308
ch0 cold 0 152.0 0.00000 0.97831 0.02169  415
ch0 cold 0 153.0 0.00000 0.98258 0.01742  574
ch0 cold 0 154.0 0.00000 0.98661 0.01339  747
ch0 cold 0 155.0 0.00000 0.98853 0.01147  959
ch0 cold 0 156.0 0.00000 0.98781 0.01219  1231
ch0 cold 0 157.0 0.00000 0.98978 0.01022  1565
ch0 cold 0 158.0 0.00000 0.98981 0.01019  1962
ch0 hot 0 270.0 0.00000 0.88251 0.11749  65833
ch0 hot 0 271.0 0.00000 0.89081 0.10919  49261
ch0 hot 0 272.0 0.00000 0.89802 0.10198  34949
ch0 hot 0 273.0 0.00000 0.90759 0.09241  22877
ch0 hot 0 274.0 0.00000 0.91035 0.08965  13821
ch0 hot 0 275.0 0.00000 0.91491 0.08509  7721
ch0 hot 0 276.0 0.00000 0.91454 0.08546  3920
ch0 hot 0 277.0 0.00000 0.91965 0.08035  1817
ch0 hot 0 278.0 0.00000 0.93620 0.06380  768
ch0 hot 0 279.0 0.00000 0.92578 0.07422  256
ch0 hot 0 280.0 0.00000 0.96250 0.03750  80
ch0 hot 0 281.0 0.00000 1.00000 0.00000  15
ch0 hot 0 282.0 0.00000 1.00000 0.00000  1
ch1 cold 1 140.0 0.00000 0.00000 1.00000  1
ch1 cold 1 141.0 0.00000 0.00000 1.00000  1
ch1 cold 1 142.0 0.00000 0.50000 0.50000  4
ch1 cold 1 143.0 0.00000 0.77778 0.22222  9
ch1 cold 1 144.0 0.00000 0.75000 0.25000  12
ch1 cold 1 145.0 0.00000 0.81250 0.18750  16
ch1 cold 1 146.0 0.00000 0.84211 0.15789  19
ch1 cold 1 147.0 0.00000 0.89286 0.10714  28
ch1 cold 1 148.0 0.00000 0.90625 0.09375  32
ch1 cold 1 149.0 0.00000 0.91176 0.08824  34
ch1 cold 1 150.0 0.00000 0.89796 0.10204  49
ch1 cold 1 151.0 0.00000 0.91935 0.08065  62
ch1 cold 1 152.0 0.00000 0.93976 0.06024  83
ch1 cold 1 153.0 0.00000 0.92632 0.07368  95
ch1 cold 1 154.0 0.00000 0.93966 0.06034  116
ch1 cold 1 155.0 0.00000 0.95105 0.04895  143
ch1 cold 1 156.0 0.00000 0.95812 0.04188  191
ch1 cold 1 157.0 0.00000 0.96774 0.03226  248
ch1 cold 1 158.0 0.00000 0.97033 0.02967  337
ch1 cold 1 159.0 0.00000 0.97826 0.02174  460
ch1 cold 1 160.0 0.00000 0.98408 0.01592  628
ch1 cold 1 161.0 0.00000 0.98526 0.01474  814
ch1 cold 1 162.0 0.00000 0.98761 0.01239  1049
ch1 cold 1 163.0 0.00000 0.98948 0.01052  1331
ch1 cold 1 164.0 0.00000 0.99023 0.00977  1637
ch1 cold 1 165.0 0.00000 0.99160 0.00840  2024
ch1 cold 1 166.0 0.00000 0.99068 0.00932  2467
ch1 cold 1 167.0 0.00000 0.99197 0.00803  2990
ch1 cold 1 168.0 0.00000 0.99251 0.00749  3604
ch1 cold 1 169.0 0.00000 0.99267 0.00733  4364
ch1 cold 1 170.0 0.00000 0.99317 0.00683  5127
ch1 hot 1 273.0 0.00000 0.82259 0.17741  73886
ch1 hot 1 274.0 0.00000 0.83593 0.16407  53350
ch1 hot 1 275.0 0.00000 0.84808 0.15192  36296
ch1 hot 1 276.0 0.00000 0.86147 0.13853  23208
ch1 hot 1 277.0 0.00000 0.87394 0.12606  13874
ch1 hot 1 278.0 0.00000 0.88775 0.11225  7706
ch1 hot 1 279.0 0.00000 0.90047 0.09953  3798
ch1 hot 1 280.0 0.00000 0.91737 0.08263  1537
ch1 hot 1 281.0 0.00000 0.92070 0.07930  517
ch1 hot 1 282.0 0.00000 0.91667 0.08333  132
ch1 hot 1 283.0 0.00000 0.88000 0.12000  25
ch1 hot 1 284.0 0.00000 1.00000 0.00000  3
